state_action,q_value
"((0, 0), 0.0)",0.0
"((0, 0), 0.04)",0.0
"((0, 0), 0.08)",0.0
"((0, 0), 0.12)",0.0
"((0, 0), 0.16)",0.0
"((0, 0), 0.2)",0.0
"((0, 0), 0.24)",0.0
"((0, 0), 0.28)",0.0
"((0, 0), 0.32)",0.0
"((0, 0), 0.36)",0.0
"((0, 0), 0.4)",0.0
"((0, 0), 0.44)",0.0
"((0, 0), 0.48)",0.0
"((0, 0), 0.52)",0.0
"((0, 0), 0.56)",0.0
"((0, 0), 0.6)",0.0
"((0, 0), 0.64)",0.0
"((0, 0), 0.68)",0.0
"((0, 0), 0.72)",0.0
"((0, 0), 0.76)",0.0
"((0, 0), 0.8)",0.0
"((0, 0), 0.84)",0.0
"((0, 0), 0.88)",0.0
"((0, 0), 0.92)",0.0
"((0, 0), 0.96)",0.0
"((0, 0), 1.0)",0.0
"((0, 0.1), 0.0)",0.0
"((0, 0.1), 0.04)",0.0
"((0, 0.1), 0.08)",0.0
"((0, 0.1), 0.12)",0.0
"((0, 0.1), 0.16)",0.0
"((0, 0.1), 0.2)",0.0
"((0, 0.1), 0.24)",0.0
"((0, 0.1), 0.28)",0.0
"((0, 0.1), 0.32)",0.0
"((0, 0.1), 0.36)",0.0
"((0, 0.1), 0.4)",0.0
"((0, 0.1), 0.44)",0.0
"((0, 0.1), 0.48)",0.0
"((0, 0.1), 0.52)",0.0
"((0, 0.1), 0.56)",0.0
"((0, 0.1), 0.6)",0.0
"((0, 0.1), 0.64)",0.0
"((0, 0.1), 0.68)",0.0
"((0, 0.1), 0.72)",0.0
"((0, 0.1), 0.76)",0.0
"((0, 0.1), 0.8)",0.0
"((0, 0.1), 0.84)",0.0
"((0, 0.1), 0.88)",0.0
"((0, 0.1), 0.92)",0.0
"((0, 0.1), 0.96)",0.0
"((0, 0.1), 1.0)",0.0
"((0, 0.2), 0.0)",0.0
"((0, 0.2), 0.04)",0.0
"((0, 0.2), 0.08)",0.0
"((0, 0.2), 0.12)",0.0
"((0, 0.2), 0.16)",0.0
"((0, 0.2), 0.2)",0.0
"((0, 0.2), 0.24)",0.0
"((0, 0.2), 0.28)",0.0
"((0, 0.2), 0.32)",0.0
"((0, 0.2), 0.36)",0.0
"((0, 0.2), 0.4)",0.0
"((0, 0.2), 0.44)",0.0
"((0, 0.2), 0.48)",0.0
"((0, 0.2), 0.52)",0.0
"((0, 0.2), 0.56)",0.0
"((0, 0.2), 0.6)",0.0
"((0, 0.2), 0.64)",0.0
"((0, 0.2), 0.68)",0.0
"((0, 0.2), 0.72)",0.0
"((0, 0.2), 0.76)",0.0
"((0, 0.2), 0.8)",0.0
"((0, 0.2), 0.84)",0.0
"((0, 0.2), 0.88)",0.0
"((0, 0.2), 0.92)",0.0
"((0, 0.2), 0.96)",0.0
"((0, 0.2), 1.0)",0.0
"((0, 0.3), 0.0)",0.0
"((0, 0.3), 0.04)",0.0
"((0, 0.3), 0.08)",0.0
"((0, 0.3), 0.12)",0.0
"((0, 0.3), 0.16)",0.0
"((0, 0.3), 0.2)",0.0
"((0, 0.3), 0.24)",0.0
"((0, 0.3), 0.28)",0.0
"((0, 0.3), 0.32)",0.0
"((0, 0.3), 0.36)",0.0
"((0, 0.3), 0.4)",0.0
"((0, 0.3), 0.44)",0.0
"((0, 0.3), 0.48)",0.0
"((0, 0.3), 0.52)",0.0
"((0, 0.3), 0.56)",0.0
"((0, 0.3), 0.6)",0.0
"((0, 0.3), 0.64)",0.0
"((0, 0.3), 0.68)",0.0
"((0, 0.3), 0.72)",0.0
"((0, 0.3), 0.76)",0.0
"((0, 0.3), 0.8)",0.0
"((0, 0.3), 0.84)",0.0
"((0, 0.3), 0.88)",0.0
"((0, 0.3), 0.92)",0.0
"((0, 0.3), 0.96)",0.0
"((0, 0.3), 1.0)",0.0
"((0, 0.4), 0.0)",0.0
"((0, 0.4), 0.04)",0.0
"((0, 0.4), 0.08)",0.0
"((0, 0.4), 0.12)",0.0
"((0, 0.4), 0.16)",0.0
"((0, 0.4), 0.2)",0.0
"((0, 0.4), 0.24)",0.0
"((0, 0.4), 0.28)",0.0
"((0, 0.4), 0.32)",0.0
"((0, 0.4), 0.36)",0.0
"((0, 0.4), 0.4)",0.0
"((0, 0.4), 0.44)",0.0
"((0, 0.4), 0.48)",0.0
"((0, 0.4), 0.52)",0.0
"((0, 0.4), 0.56)",0.0
"((0, 0.4), 0.6)",0.0
"((0, 0.4), 0.64)",0.0
"((0, 0.4), 0.68)",0.0
"((0, 0.4), 0.72)",0.0
"((0, 0.4), 0.76)",0.0
"((0, 0.4), 0.8)",0.0
"((0, 0.4), 0.84)",0.0
"((0, 0.4), 0.88)",0.0
"((0, 0.4), 0.92)",0.0
"((0, 0.4), 0.96)",0.0
"((0, 0.4), 1.0)",0.0
"((0, 0.5), 0.0)",0.0
"((0, 0.5), 0.04)",0.0
"((0, 0.5), 0.08)",0.0
"((0, 0.5), 0.12)",0.0
"((0, 0.5), 0.16)",0.0
"((0, 0.5), 0.2)",0.0
"((0, 0.5), 0.24)",0.0
"((0, 0.5), 0.28)",0.0
"((0, 0.5), 0.32)",0.0
"((0, 0.5), 0.36)",0.0
"((0, 0.5), 0.4)",0.0
"((0, 0.5), 0.44)",0.0
"((0, 0.5), 0.48)",0.0
"((0, 0.5), 0.52)",0.0
"((0, 0.5), 0.56)",0.0
"((0, 0.5), 0.6)",0.0
"((0, 0.5), 0.64)",0.0
"((0, 0.5), 0.68)",0.0
"((0, 0.5), 0.72)",0.0
"((0, 0.5), 0.76)",0.0
"((0, 0.5), 0.8)",0.0
"((0, 0.5), 0.84)",0.0
"((0, 0.5), 0.88)",0.0
"((0, 0.5), 0.92)",0.0
"((0, 0.5), 0.96)",0.0
"((0, 0.5), 1.0)",0.0
"((0, 0.6), 0.0)",0.0
"((0, 0.6), 0.04)",0.0
"((0, 0.6), 0.08)",0.0
"((0, 0.6), 0.12)",0.0
"((0, 0.6), 0.16)",0.0
"((0, 0.6), 0.2)",0.0
"((0, 0.6), 0.24)",0.0
"((0, 0.6), 0.28)",0.0
"((0, 0.6), 0.32)",0.0
"((0, 0.6), 0.36)",0.0
"((0, 0.6), 0.4)",0.0
"((0, 0.6), 0.44)",0.0
"((0, 0.6), 0.48)",0.0
"((0, 0.6), 0.52)",0.0
"((0, 0.6), 0.56)",0.0
"((0, 0.6), 0.6)",0.0
"((0, 0.6), 0.64)",0.0
"((0, 0.6), 0.68)",0.0
"((0, 0.6), 0.72)",0.0
"((0, 0.6), 0.76)",0.0
"((0, 0.6), 0.8)",0.0
"((0, 0.6), 0.84)",0.0
"((0, 0.6), 0.88)",0.0
"((0, 0.6), 0.92)",0.0
"((0, 0.6), 0.96)",0.0
"((0, 0.6), 1.0)",0.0
"((0, 0.7), 0.0)",0.0
"((0, 0.7), 0.04)",0.0
"((0, 0.7), 0.08)",0.0
"((0, 0.7), 0.12)",0.0
"((0, 0.7), 0.16)",0.0
"((0, 0.7), 0.2)",0.0
"((0, 0.7), 0.24)",0.0
"((0, 0.7), 0.28)",0.0
"((0, 0.7), 0.32)",0.0
"((0, 0.7), 0.36)",0.0
"((0, 0.7), 0.4)",0.0
"((0, 0.7), 0.44)",0.0
"((0, 0.7), 0.48)",0.0
"((0, 0.7), 0.52)",0.0
"((0, 0.7), 0.56)",0.0
"((0, 0.7), 0.6)",0.0
"((0, 0.7), 0.64)",0.0
"((0, 0.7), 0.68)",0.0
"((0, 0.7), 0.72)",0.0
"((0, 0.7), 0.76)",0.0
"((0, 0.7), 0.8)",0.0
"((0, 0.7), 0.84)",0.0
"((0, 0.7), 0.88)",0.0
"((0, 0.7), 0.92)",0.0
"((0, 0.7), 0.96)",0.0
"((0, 0.7), 1.0)",0.0
"((0, 0.8), 0.0)",0.0
"((0, 0.8), 0.04)",0.0
"((0, 0.8), 0.08)",0.0
"((0, 0.8), 0.12)",0.0
"((0, 0.8), 0.16)",0.0
"((0, 0.8), 0.2)",0.0
"((0, 0.8), 0.24)",0.0
"((0, 0.8), 0.28)",0.0
"((0, 0.8), 0.32)",0.0
"((0, 0.8), 0.36)",0.0
"((0, 0.8), 0.4)",0.0
"((0, 0.8), 0.44)",0.0
"((0, 0.8), 0.48)",0.0
"((0, 0.8), 0.52)",0.0
"((0, 0.8), 0.56)",0.0
"((0, 0.8), 0.6)",0.0
"((0, 0.8), 0.64)",0.0
"((0, 0.8), 0.68)",0.0
"((0, 0.8), 0.72)",0.0
"((0, 0.8), 0.76)",0.0
"((0, 0.8), 0.8)",0.0
"((0, 0.8), 0.84)",0.0
"((0, 0.8), 0.88)",0.0
"((0, 0.8), 0.92)",0.0
"((0, 0.8), 0.96)",0.0
"((0, 0.8), 1.0)",0.0
"((0, 0.9), 0.0)",0.0
"((0, 0.9), 0.04)",0.0
"((0, 0.9), 0.08)",0.0
"((0, 0.9), 0.12)",0.0
"((0, 0.9), 0.16)",0.0
"((0, 0.9), 0.2)",0.0
"((0, 0.9), 0.24)",0.0
"((0, 0.9), 0.28)",0.0
"((0, 0.9), 0.32)",0.0
"((0, 0.9), 0.36)",0.0
"((0, 0.9), 0.4)",0.0
"((0, 0.9), 0.44)",0.0
"((0, 0.9), 0.48)",0.0
"((0, 0.9), 0.52)",0.0
"((0, 0.9), 0.56)",0.0
"((0, 0.9), 0.6)",0.0
"((0, 0.9), 0.64)",0.0
"((0, 0.9), 0.68)",0.0
"((0, 0.9), 0.72)",0.0
"((0, 0.9), 0.76)",0.0
"((0, 0.9), 0.8)",0.0
"((0, 0.9), 0.84)",0.0
"((0, 0.9), 0.88)",0.0
"((0, 0.9), 0.92)",0.0
"((0, 0.9), 0.96)",0.0
"((0, 0.9), 1.0)",0.0
"((0, 1.0), 0.0)",0.0
"((0, 1.0), 0.04)",0.0
"((0, 1.0), 0.08)",0.0
"((0, 1.0), 0.12)",0.0
"((0, 1.0), 0.16)",0.0
"((0, 1.0), 0.2)",0.0
"((0, 1.0), 0.24)",0.0
"((0, 1.0), 0.28)",0.0
"((0, 1.0), 0.32)",0.0
"((0, 1.0), 0.36)",0.0
"((0, 1.0), 0.4)",0.0
"((0, 1.0), 0.44)",0.0
"((0, 1.0), 0.48)",0.0
"((0, 1.0), 0.52)",0.0
"((0, 1.0), 0.56)",0.0
"((0, 1.0), 0.6)",0.0
"((0, 1.0), 0.64)",0.0
"((0, 1.0), 0.68)",0.0
"((0, 1.0), 0.72)",0.0
"((0, 1.0), 0.76)",0.0
"((0, 1.0), 0.8)",0.0
"((0, 1.0), 0.84)",0.0
"((0, 1.0), 0.88)",0.0
"((0, 1.0), 0.92)",0.0
"((0, 1.0), 0.96)",0.0
"((0, 1.0), 1.0)",0.0
"((0.25, 0), 0.0)",0.0
"((0.25, 0), 0.04)",0.0
"((0.25, 0), 0.08)",0.0
"((0.25, 0), 0.12)",0.0
"((0.25, 0), 0.16)",0.0
"((0.25, 0), 0.2)",0.0
"((0.25, 0), 0.24)",0.0
"((0.25, 0), 0.28)",0.0
"((0.25, 0), 0.32)",0.0
"((0.25, 0), 0.36)",0.0
"((0.25, 0), 0.4)",0.0
"((0.25, 0), 0.44)",0.0
"((0.25, 0), 0.48)",0.0
"((0.25, 0), 0.52)",0.0
"((0.25, 0), 0.56)",0.0
"((0.25, 0), 0.6)",0.0
"((0.25, 0), 0.64)",0.0
"((0.25, 0), 0.68)",0.0
"((0.25, 0), 0.72)",0.0
"((0.25, 0), 0.76)",0.0
"((0.25, 0), 0.8)",0.0
"((0.25, 0), 0.84)",0.0
"((0.25, 0), 0.88)",0.0
"((0.25, 0), 0.92)",0.0
"((0.25, 0), 0.96)",0.0
"((0.25, 0), 1.0)",0.0
"((0.25, 0.1), 0.0)",0.0
"((0.25, 0.1), 0.04)",0.0
"((0.25, 0.1), 0.08)",0.0
"((0.25, 0.1), 0.12)",0.0
"((0.25, 0.1), 0.16)",0.0
"((0.25, 0.1), 0.2)",0.0
"((0.25, 0.1), 0.24)",0.0
"((0.25, 0.1), 0.28)",0.0
"((0.25, 0.1), 0.32)",0.0
"((0.25, 0.1), 0.36)",0.0
"((0.25, 0.1), 0.4)",0.0
"((0.25, 0.1), 0.44)",0.0
"((0.25, 0.1), 0.48)",0.0
"((0.25, 0.1), 0.52)",0.0
"((0.25, 0.1), 0.56)",0.0
"((0.25, 0.1), 0.6)",0.0
"((0.25, 0.1), 0.64)",0.0
"((0.25, 0.1), 0.68)",0.0
"((0.25, 0.1), 0.72)",0.0
"((0.25, 0.1), 0.76)",0.0
"((0.25, 0.1), 0.8)",0.0
"((0.25, 0.1), 0.84)",0.0
"((0.25, 0.1), 0.88)",0.0
"((0.25, 0.1), 0.92)",0.0
"((0.25, 0.1), 0.96)",0.0
"((0.25, 0.1), 1.0)",0.0
"((0.25, 0.2), 0.0)",0.0
"((0.25, 0.2), 0.04)",0.0
"((0.25, 0.2), 0.08)",0.0
"((0.25, 0.2), 0.12)",0.0
"((0.25, 0.2), 0.16)",0.0
"((0.25, 0.2), 0.2)",0.0
"((0.25, 0.2), 0.24)",0.0
"((0.25, 0.2), 0.28)",0.0
"((0.25, 0.2), 0.32)",0.0
"((0.25, 0.2), 0.36)",0.0
"((0.25, 0.2), 0.4)",0.0
"((0.25, 0.2), 0.44)",0.0
"((0.25, 0.2), 0.48)",0.0
"((0.25, 0.2), 0.52)",0.0
"((0.25, 0.2), 0.56)",0.0
"((0.25, 0.2), 0.6)",0.0
"((0.25, 0.2), 0.64)",0.0
"((0.25, 0.2), 0.68)",0.0
"((0.25, 0.2), 0.72)",0.0
"((0.25, 0.2), 0.76)",0.0
"((0.25, 0.2), 0.8)",0.0
"((0.25, 0.2), 0.84)",0.0
"((0.25, 0.2), 0.88)",0.0
"((0.25, 0.2), 0.92)",0.0
"((0.25, 0.2), 0.96)",0.0
"((0.25, 0.2), 1.0)",0.0
"((0.25, 0.3), 0.0)",0.0
"((0.25, 0.3), 0.04)",0.0
"((0.25, 0.3), 0.08)",0.0
"((0.25, 0.3), 0.12)",0.0
"((0.25, 0.3), 0.16)",0.0
"((0.25, 0.3), 0.2)",0.0
"((0.25, 0.3), 0.24)",0.0
"((0.25, 0.3), 0.28)",0.0
"((0.25, 0.3), 0.32)",0.0
"((0.25, 0.3), 0.36)",0.0
"((0.25, 0.3), 0.4)",0.0
"((0.25, 0.3), 0.44)",0.0
"((0.25, 0.3), 0.48)",0.0
"((0.25, 0.3), 0.52)",0.0
"((0.25, 0.3), 0.56)",0.0
"((0.25, 0.3), 0.6)",0.0
"((0.25, 0.3), 0.64)",0.0
"((0.25, 0.3), 0.68)",0.0
"((0.25, 0.3), 0.72)",0.0
"((0.25, 0.3), 0.76)",0.0
"((0.25, 0.3), 0.8)",0.0
"((0.25, 0.3), 0.84)",0.0
"((0.25, 0.3), 0.88)",0.0
"((0.25, 0.3), 0.92)",0.0
"((0.25, 0.3), 0.96)",0.0
"((0.25, 0.3), 1.0)",0.0
"((0.25, 0.4), 0.0)",0.0
"((0.25, 0.4), 0.04)",0.0
"((0.25, 0.4), 0.08)",0.0
"((0.25, 0.4), 0.12)",0.0
"((0.25, 0.4), 0.16)",0.0
"((0.25, 0.4), 0.2)",0.0
"((0.25, 0.4), 0.24)",0.0
"((0.25, 0.4), 0.28)",0.0
"((0.25, 0.4), 0.32)",0.0
"((0.25, 0.4), 0.36)",0.0
"((0.25, 0.4), 0.4)",0.0
"((0.25, 0.4), 0.44)",0.0
"((0.25, 0.4), 0.48)",0.0
"((0.25, 0.4), 0.52)",0.0
"((0.25, 0.4), 0.56)",0.0
"((0.25, 0.4), 0.6)",0.0
"((0.25, 0.4), 0.64)",0.0
"((0.25, 0.4), 0.68)",0.0
"((0.25, 0.4), 0.72)",0.0
"((0.25, 0.4), 0.76)",0.0
"((0.25, 0.4), 0.8)",0.0
"((0.25, 0.4), 0.84)",0.0
"((0.25, 0.4), 0.88)",0.0
"((0.25, 0.4), 0.92)",0.0
"((0.25, 0.4), 0.96)",0.0
"((0.25, 0.4), 1.0)",0.0
"((0.25, 0.5), 0.0)",0.0
"((0.25, 0.5), 0.04)",0.0
"((0.25, 0.5), 0.08)",0.0
"((0.25, 0.5), 0.12)",0.0
"((0.25, 0.5), 0.16)",0.0
"((0.25, 0.5), 0.2)",0.0
"((0.25, 0.5), 0.24)",0.0
"((0.25, 0.5), 0.28)",0.0
"((0.25, 0.5), 0.32)",0.0
"((0.25, 0.5), 0.36)",0.0
"((0.25, 0.5), 0.4)",0.0
"((0.25, 0.5), 0.44)",0.0
"((0.25, 0.5), 0.48)",0.0
"((0.25, 0.5), 0.52)",0.0
"((0.25, 0.5), 0.56)",0.0
"((0.25, 0.5), 0.6)",0.0
"((0.25, 0.5), 0.64)",0.0
"((0.25, 0.5), 0.68)",0.0
"((0.25, 0.5), 0.72)",0.0
"((0.25, 0.5), 0.76)",0.0
"((0.25, 0.5), 0.8)",0.0
"((0.25, 0.5), 0.84)",0.0
"((0.25, 0.5), 0.88)",0.0
"((0.25, 0.5), 0.92)",0.0
"((0.25, 0.5), 0.96)",0.0
"((0.25, 0.5), 1.0)",0.0
"((0.25, 0.6), 0.0)",0.0
"((0.25, 0.6), 0.04)",0.0
"((0.25, 0.6), 0.08)",0.0
"((0.25, 0.6), 0.12)",0.0
"((0.25, 0.6), 0.16)",0.0
"((0.25, 0.6), 0.2)",0.0
"((0.25, 0.6), 0.24)",0.0
"((0.25, 0.6), 0.28)",0.0
"((0.25, 0.6), 0.32)",0.0
"((0.25, 0.6), 0.36)",0.0
"((0.25, 0.6), 0.4)",0.0
"((0.25, 0.6), 0.44)",0.0
"((0.25, 0.6), 0.48)",0.0
"((0.25, 0.6), 0.52)",0.0
"((0.25, 0.6), 0.56)",0.0
"((0.25, 0.6), 0.6)",0.0
"((0.25, 0.6), 0.64)",0.0
"((0.25, 0.6), 0.68)",0.0
"((0.25, 0.6), 0.72)",0.0
"((0.25, 0.6), 0.76)",0.0
"((0.25, 0.6), 0.8)",0.0
"((0.25, 0.6), 0.84)",0.0
"((0.25, 0.6), 0.88)",0.0
"((0.25, 0.6), 0.92)",0.0
"((0.25, 0.6), 0.96)",0.0
"((0.25, 0.6), 1.0)",0.0
"((0.25, 0.7), 0.0)",0.0
"((0.25, 0.7), 0.04)",0.0
"((0.25, 0.7), 0.08)",0.0
"((0.25, 0.7), 0.12)",0.0
"((0.25, 0.7), 0.16)",0.0
"((0.25, 0.7), 0.2)",0.0
"((0.25, 0.7), 0.24)",0.0
"((0.25, 0.7), 0.28)",0.0
"((0.25, 0.7), 0.32)",0.0
"((0.25, 0.7), 0.36)",0.0
"((0.25, 0.7), 0.4)",0.0
"((0.25, 0.7), 0.44)",0.0
"((0.25, 0.7), 0.48)",0.0
"((0.25, 0.7), 0.52)",0.0
"((0.25, 0.7), 0.56)",0.0
"((0.25, 0.7), 0.6)",0.0
"((0.25, 0.7), 0.64)",0.0
"((0.25, 0.7), 0.68)",0.0
"((0.25, 0.7), 0.72)",0.0
"((0.25, 0.7), 0.76)",0.0
"((0.25, 0.7), 0.8)",0.0
"((0.25, 0.7), 0.84)",0.0
"((0.25, 0.7), 0.88)",0.0
"((0.25, 0.7), 0.92)",0.0
"((0.25, 0.7), 0.96)",0.0
"((0.25, 0.7), 1.0)",0.0
"((0.25, 0.8), 0.0)",0.0
"((0.25, 0.8), 0.04)",0.0
"((0.25, 0.8), 0.08)",0.0
"((0.25, 0.8), 0.12)",0.0
"((0.25, 0.8), 0.16)",0.0
"((0.25, 0.8), 0.2)",0.0
"((0.25, 0.8), 0.24)",0.0
"((0.25, 0.8), 0.28)",0.0
"((0.25, 0.8), 0.32)",0.0
"((0.25, 0.8), 0.36)",0.0
"((0.25, 0.8), 0.4)",0.0
"((0.25, 0.8), 0.44)",0.0
"((0.25, 0.8), 0.48)",0.0
"((0.25, 0.8), 0.52)",0.0
"((0.25, 0.8), 0.56)",0.0
"((0.25, 0.8), 0.6)",0.0
"((0.25, 0.8), 0.64)",0.0
"((0.25, 0.8), 0.68)",0.0
"((0.25, 0.8), 0.72)",0.0
"((0.25, 0.8), 0.76)",0.0
"((0.25, 0.8), 0.8)",0.0
"((0.25, 0.8), 0.84)",0.0
"((0.25, 0.8), 0.88)",0.0
"((0.25, 0.8), 0.92)",0.0
"((0.25, 0.8), 0.96)",0.0
"((0.25, 0.8), 1.0)",0.0
"((0.25, 0.9), 0.0)",0.0
"((0.25, 0.9), 0.04)",0.0
"((0.25, 0.9), 0.08)",0.0
"((0.25, 0.9), 0.12)",0.0
"((0.25, 0.9), 0.16)",0.0
"((0.25, 0.9), 0.2)",0.0
"((0.25, 0.9), 0.24)",0.0
"((0.25, 0.9), 0.28)",0.0
"((0.25, 0.9), 0.32)",0.0
"((0.25, 0.9), 0.36)",0.0
"((0.25, 0.9), 0.4)",0.0
"((0.25, 0.9), 0.44)",0.0
"((0.25, 0.9), 0.48)",0.0
"((0.25, 0.9), 0.52)",0.0
"((0.25, 0.9), 0.56)",0.0
"((0.25, 0.9), 0.6)",0.0
"((0.25, 0.9), 0.64)",0.0
"((0.25, 0.9), 0.68)",0.0
"((0.25, 0.9), 0.72)",0.0
"((0.25, 0.9), 0.76)",0.0
"((0.25, 0.9), 0.8)",0.0
"((0.25, 0.9), 0.84)",0.0
"((0.25, 0.9), 0.88)",0.0
"((0.25, 0.9), 0.92)",0.0
"((0.25, 0.9), 0.96)",0.0
"((0.25, 0.9), 1.0)",0.0
"((0.25, 1.0), 0.0)",0.0
"((0.25, 1.0), 0.04)",0.0
"((0.25, 1.0), 0.08)",0.0
"((0.25, 1.0), 0.12)",0.0
"((0.25, 1.0), 0.16)",0.0
"((0.25, 1.0), 0.2)",0.0
"((0.25, 1.0), 0.24)",0.0
"((0.25, 1.0), 0.28)",0.0
"((0.25, 1.0), 0.32)",0.0
"((0.25, 1.0), 0.36)",0.0
"((0.25, 1.0), 0.4)",0.0
"((0.25, 1.0), 0.44)",0.0
"((0.25, 1.0), 0.48)",0.0
"((0.25, 1.0), 0.52)",0.0
"((0.25, 1.0), 0.56)",0.0
"((0.25, 1.0), 0.6)",0.0
"((0.25, 1.0), 0.64)",0.0
"((0.25, 1.0), 0.68)",0.0
"((0.25, 1.0), 0.72)",0.0
"((0.25, 1.0), 0.76)",0.0
"((0.25, 1.0), 0.8)",0.0
"((0.25, 1.0), 0.84)",0.0
"((0.25, 1.0), 0.88)",0.0
"((0.25, 1.0), 0.92)",0.0
"((0.25, 1.0), 0.96)",0.0
"((0.25, 1.0), 1.0)",0.0
"((0.5, 0), 0.0)",0.0
"((0.5, 0), 0.04)",0.0
"((0.5, 0), 0.08)",0.0
"((0.5, 0), 0.12)",0.0
"((0.5, 0), 0.16)",0.0
"((0.5, 0), 0.2)",0.0
"((0.5, 0), 0.24)",0.0
"((0.5, 0), 0.28)",0.0
"((0.5, 0), 0.32)",0.0
"((0.5, 0), 0.36)",0.0
"((0.5, 0), 0.4)",0.0
"((0.5, 0), 0.44)",0.0
"((0.5, 0), 0.48)",0.0
"((0.5, 0), 0.52)",0.0
"((0.5, 0), 0.56)",0.0
"((0.5, 0), 0.6)",0.0
"((0.5, 0), 0.64)",0.0
"((0.5, 0), 0.68)",0.0
"((0.5, 0), 0.72)",0.0
"((0.5, 0), 0.76)",0.0
"((0.5, 0), 0.8)",0.0
"((0.5, 0), 0.84)",0.0
"((0.5, 0), 0.88)",0.0
"((0.5, 0), 0.92)",0.0
"((0.5, 0), 0.96)",0.0
"((0.5, 0), 1.0)",0.0
"((0.5, 0.1), 0.0)",0.0
"((0.5, 0.1), 0.04)",0.0
"((0.5, 0.1), 0.08)",0.0
"((0.5, 0.1), 0.12)",0.0
"((0.5, 0.1), 0.16)",0.0
"((0.5, 0.1), 0.2)",0.0
"((0.5, 0.1), 0.24)",0.0
"((0.5, 0.1), 0.28)",0.0
"((0.5, 0.1), 0.32)",0.0
"((0.5, 0.1), 0.36)",0.0
"((0.5, 0.1), 0.4)",0.0
"((0.5, 0.1), 0.44)",0.0
"((0.5, 0.1), 0.48)",0.0
"((0.5, 0.1), 0.52)",0.0
"((0.5, 0.1), 0.56)",0.0
"((0.5, 0.1), 0.6)",0.0
"((0.5, 0.1), 0.64)",0.0
"((0.5, 0.1), 0.68)",0.0
"((0.5, 0.1), 0.72)",0.0
"((0.5, 0.1), 0.76)",0.0
"((0.5, 0.1), 0.8)",0.0
"((0.5, 0.1), 0.84)",0.0
"((0.5, 0.1), 0.88)",0.0
"((0.5, 0.1), 0.92)",0.0
"((0.5, 0.1), 0.96)",0.0
"((0.5, 0.1), 1.0)",0.0
"((0.5, 0.2), 0.0)",0.0
"((0.5, 0.2), 0.04)",0.0
"((0.5, 0.2), 0.08)",0.0
"((0.5, 0.2), 0.12)",0.0
"((0.5, 0.2), 0.16)",0.0
"((0.5, 0.2), 0.2)",0.0
"((0.5, 0.2), 0.24)",0.0
"((0.5, 0.2), 0.28)",0.0
"((0.5, 0.2), 0.32)",0.0
"((0.5, 0.2), 0.36)",0.0
"((0.5, 0.2), 0.4)",0.0
"((0.5, 0.2), 0.44)",0.0
"((0.5, 0.2), 0.48)",0.0
"((0.5, 0.2), 0.52)",0.0
"((0.5, 0.2), 0.56)",0.0
"((0.5, 0.2), 0.6)",0.0
"((0.5, 0.2), 0.64)",0.0
"((0.5, 0.2), 0.68)",0.0
"((0.5, 0.2), 0.72)",0.0
"((0.5, 0.2), 0.76)",0.0
"((0.5, 0.2), 0.8)",0.0
"((0.5, 0.2), 0.84)",0.0
"((0.5, 0.2), 0.88)",0.0
"((0.5, 0.2), 0.92)",0.0
"((0.5, 0.2), 0.96)",0.0
"((0.5, 0.2), 1.0)",0.0
"((0.5, 0.3), 0.0)",0.0
"((0.5, 0.3), 0.04)",0.0
"((0.5, 0.3), 0.08)",0.0
"((0.5, 0.3), 0.12)",0.0
"((0.5, 0.3), 0.16)",0.0
"((0.5, 0.3), 0.2)",0.0
"((0.5, 0.3), 0.24)",0.0
"((0.5, 0.3), 0.28)",0.0
"((0.5, 0.3), 0.32)",0.0
"((0.5, 0.3), 0.36)",0.0
"((0.5, 0.3), 0.4)",0.0
"((0.5, 0.3), 0.44)",0.0
"((0.5, 0.3), 0.48)",0.0
"((0.5, 0.3), 0.52)",0.0
"((0.5, 0.3), 0.56)",0.0
"((0.5, 0.3), 0.6)",0.0
"((0.5, 0.3), 0.64)",0.0
"((0.5, 0.3), 0.68)",0.0
"((0.5, 0.3), 0.72)",0.0
"((0.5, 0.3), 0.76)",0.0
"((0.5, 0.3), 0.8)",0.0
"((0.5, 0.3), 0.84)",0.0
"((0.5, 0.3), 0.88)",0.0
"((0.5, 0.3), 0.92)",0.0
"((0.5, 0.3), 0.96)",0.0
"((0.5, 0.3), 1.0)",0.0
"((0.5, 0.4), 0.0)",0.0
"((0.5, 0.4), 0.04)",0.0
"((0.5, 0.4), 0.08)",0.0
"((0.5, 0.4), 0.12)",0.0
"((0.5, 0.4), 0.16)",0.0
"((0.5, 0.4), 0.2)",0.0
"((0.5, 0.4), 0.24)",0.0
"((0.5, 0.4), 0.28)",0.0
"((0.5, 0.4), 0.32)",0.0
"((0.5, 0.4), 0.36)",0.0
"((0.5, 0.4), 0.4)",0.0
"((0.5, 0.4), 0.44)",0.0
"((0.5, 0.4), 0.48)",0.0
"((0.5, 0.4), 0.52)",0.0
"((0.5, 0.4), 0.56)",0.0
"((0.5, 0.4), 0.6)",0.0
"((0.5, 0.4), 0.64)",0.0
"((0.5, 0.4), 0.68)",0.0
"((0.5, 0.4), 0.72)",0.0
"((0.5, 0.4), 0.76)",0.0
"((0.5, 0.4), 0.8)",0.0
"((0.5, 0.4), 0.84)",0.0
"((0.5, 0.4), 0.88)",0.0
"((0.5, 0.4), 0.92)",0.0
"((0.5, 0.4), 0.96)",0.0
"((0.5, 0.4), 1.0)",0.0
"((0.5, 0.5), 0.0)",0.0
"((0.5, 0.5), 0.04)",0.0
"((0.5, 0.5), 0.08)",0.0
"((0.5, 0.5), 0.12)",0.0
"((0.5, 0.5), 0.16)",0.0
"((0.5, 0.5), 0.2)",0.0
"((0.5, 0.5), 0.24)",0.0
"((0.5, 0.5), 0.28)",0.0
"((0.5, 0.5), 0.32)",0.0
"((0.5, 0.5), 0.36)",0.0
"((0.5, 0.5), 0.4)",0.0
"((0.5, 0.5), 0.44)",0.0
"((0.5, 0.5), 0.48)",0.0
"((0.5, 0.5), 0.52)",0.0
"((0.5, 0.5), 0.56)",0.0
"((0.5, 0.5), 0.6)",0.0
"((0.5, 0.5), 0.64)",0.0
"((0.5, 0.5), 0.68)",0.0
"((0.5, 0.5), 0.72)",0.0
"((0.5, 0.5), 0.76)",0.0
"((0.5, 0.5), 0.8)",0.0
"((0.5, 0.5), 0.84)",0.0
"((0.5, 0.5), 0.88)",0.0
"((0.5, 0.5), 0.92)",0.0
"((0.5, 0.5), 0.96)",0.0
"((0.5, 0.5), 1.0)",0.0
"((0.5, 0.6), 0.0)",0.0
"((0.5, 0.6), 0.04)",0.0
"((0.5, 0.6), 0.08)",0.0
"((0.5, 0.6), 0.12)",0.0
"((0.5, 0.6), 0.16)",0.0
"((0.5, 0.6), 0.2)",0.0
"((0.5, 0.6), 0.24)",0.0
"((0.5, 0.6), 0.28)",0.0
"((0.5, 0.6), 0.32)",0.0
"((0.5, 0.6), 0.36)",0.0
"((0.5, 0.6), 0.4)",0.0
"((0.5, 0.6), 0.44)",0.0
"((0.5, 0.6), 0.48)",0.0
"((0.5, 0.6), 0.52)",0.0
"((0.5, 0.6), 0.56)",0.0
"((0.5, 0.6), 0.6)",0.0
"((0.5, 0.6), 0.64)",0.0
"((0.5, 0.6), 0.68)",0.0
"((0.5, 0.6), 0.72)",0.0
"((0.5, 0.6), 0.76)",0.0
"((0.5, 0.6), 0.8)",0.0
"((0.5, 0.6), 0.84)",0.0
"((0.5, 0.6), 0.88)",0.0
"((0.5, 0.6), 0.92)",0.0
"((0.5, 0.6), 0.96)",0.0
"((0.5, 0.6), 1.0)",0.0
"((0.5, 0.7), 0.0)",0.0
"((0.5, 0.7), 0.04)",0.0
"((0.5, 0.7), 0.08)",0.0
"((0.5, 0.7), 0.12)",0.0
"((0.5, 0.7), 0.16)",0.0
"((0.5, 0.7), 0.2)",0.0
"((0.5, 0.7), 0.24)",0.0
"((0.5, 0.7), 0.28)",0.0
"((0.5, 0.7), 0.32)",0.0
"((0.5, 0.7), 0.36)",0.0
"((0.5, 0.7), 0.4)",0.0
"((0.5, 0.7), 0.44)",0.0
"((0.5, 0.7), 0.48)",0.0
"((0.5, 0.7), 0.52)",0.0
"((0.5, 0.7), 0.56)",0.0
"((0.5, 0.7), 0.6)",0.0
"((0.5, 0.7), 0.64)",0.0
"((0.5, 0.7), 0.68)",0.0
"((0.5, 0.7), 0.72)",0.0
"((0.5, 0.7), 0.76)",0.0
"((0.5, 0.7), 0.8)",0.0
"((0.5, 0.7), 0.84)",0.0
"((0.5, 0.7), 0.88)",0.0
"((0.5, 0.7), 0.92)",0.0
"((0.5, 0.7), 0.96)",0.0
"((0.5, 0.7), 1.0)",0.0
"((0.5, 0.8), 0.0)",0.0
"((0.5, 0.8), 0.04)",0.0
"((0.5, 0.8), 0.08)",0.0
"((0.5, 0.8), 0.12)",0.0
"((0.5, 0.8), 0.16)",0.0
"((0.5, 0.8), 0.2)",0.0
"((0.5, 0.8), 0.24)",0.0
"((0.5, 0.8), 0.28)",0.0
"((0.5, 0.8), 0.32)",0.0
"((0.5, 0.8), 0.36)",0.0
"((0.5, 0.8), 0.4)",0.0
"((0.5, 0.8), 0.44)",0.0
"((0.5, 0.8), 0.48)",0.0
"((0.5, 0.8), 0.52)",0.0
"((0.5, 0.8), 0.56)",0.0
"((0.5, 0.8), 0.6)",0.0
"((0.5, 0.8), 0.64)",0.0
"((0.5, 0.8), 0.68)",0.0
"((0.5, 0.8), 0.72)",0.0
"((0.5, 0.8), 0.76)",0.0
"((0.5, 0.8), 0.8)",0.0
"((0.5, 0.8), 0.84)",0.0
"((0.5, 0.8), 0.88)",0.0
"((0.5, 0.8), 0.92)",0.0
"((0.5, 0.8), 0.96)",0.0
"((0.5, 0.8), 1.0)",0.0
"((0.5, 0.9), 0.0)",0.0
"((0.5, 0.9), 0.04)",0.0
"((0.5, 0.9), 0.08)",0.0
"((0.5, 0.9), 0.12)",0.0
"((0.5, 0.9), 0.16)",0.0
"((0.5, 0.9), 0.2)",0.0
"((0.5, 0.9), 0.24)",0.0
"((0.5, 0.9), 0.28)",0.0
"((0.5, 0.9), 0.32)",0.0
"((0.5, 0.9), 0.36)",0.0
"((0.5, 0.9), 0.4)",0.0
"((0.5, 0.9), 0.44)",0.0
"((0.5, 0.9), 0.48)",0.0
"((0.5, 0.9), 0.52)",0.0
"((0.5, 0.9), 0.56)",0.0
"((0.5, 0.9), 0.6)",0.0
"((0.5, 0.9), 0.64)",0.0
"((0.5, 0.9), 0.68)",0.0
"((0.5, 0.9), 0.72)",0.0
"((0.5, 0.9), 0.76)",0.0
"((0.5, 0.9), 0.8)",0.0
"((0.5, 0.9), 0.84)",0.0
"((0.5, 0.9), 0.88)",0.0
"((0.5, 0.9), 0.92)",0.0
"((0.5, 0.9), 0.96)",0.0
"((0.5, 0.9), 1.0)",0.0
"((0.5, 1.0), 0.0)",0.0
"((0.5, 1.0), 0.04)",0.0
"((0.5, 1.0), 0.08)",0.0
"((0.5, 1.0), 0.12)",0.0
"((0.5, 1.0), 0.16)",0.0
"((0.5, 1.0), 0.2)",0.0
"((0.5, 1.0), 0.24)",0.0
"((0.5, 1.0), 0.28)",0.0
"((0.5, 1.0), 0.32)",0.0
"((0.5, 1.0), 0.36)",0.0
"((0.5, 1.0), 0.4)",0.0
"((0.5, 1.0), 0.44)",0.0
"((0.5, 1.0), 0.48)",0.0
"((0.5, 1.0), 0.52)",0.0
"((0.5, 1.0), 0.56)",0.0
"((0.5, 1.0), 0.6)",0.0
"((0.5, 1.0), 0.64)",0.0
"((0.5, 1.0), 0.68)",0.0
"((0.5, 1.0), 0.72)",0.0
"((0.5, 1.0), 0.76)",0.0
"((0.5, 1.0), 0.8)",0.0
"((0.5, 1.0), 0.84)",0.0
"((0.5, 1.0), 0.88)",0.0
"((0.5, 1.0), 0.92)",0.0
"((0.5, 1.0), 0.96)",0.0
"((0.5, 1.0), 1.0)",0.0
"((0.75, 0), 0.0)",0.0
"((0.75, 0), 0.04)",0.0
"((0.75, 0), 0.08)",0.0
"((0.75, 0), 0.12)",0.0
"((0.75, 0), 0.16)",0.0
"((0.75, 0), 0.2)",0.0
"((0.75, 0), 0.24)",0.0
"((0.75, 0), 0.28)",0.0
"((0.75, 0), 0.32)",0.0
"((0.75, 0), 0.36)",0.0
"((0.75, 0), 0.4)",0.0
"((0.75, 0), 0.44)",0.0
"((0.75, 0), 0.48)",0.0
"((0.75, 0), 0.52)",0.0
"((0.75, 0), 0.56)",0.0
"((0.75, 0), 0.6)",0.0
"((0.75, 0), 0.64)",0.0
"((0.75, 0), 0.68)",0.0
"((0.75, 0), 0.72)",0.0
"((0.75, 0), 0.76)",0.0
"((0.75, 0), 0.8)",0.0
"((0.75, 0), 0.84)",0.0
"((0.75, 0), 0.88)",0.0
"((0.75, 0), 0.92)",0.0
"((0.75, 0), 0.96)",0.0
"((0.75, 0), 1.0)",0.0
"((0.75, 0.1), 0.0)",0.0
"((0.75, 0.1), 0.04)",0.0
"((0.75, 0.1), 0.08)",0.0
"((0.75, 0.1), 0.12)",0.0
"((0.75, 0.1), 0.16)",0.0
"((0.75, 0.1), 0.2)",0.0
"((0.75, 0.1), 0.24)",0.0
"((0.75, 0.1), 0.28)",0.0
"((0.75, 0.1), 0.32)",0.0
"((0.75, 0.1), 0.36)",0.0
"((0.75, 0.1), 0.4)",0.0
"((0.75, 0.1), 0.44)",0.0
"((0.75, 0.1), 0.48)",0.0
"((0.75, 0.1), 0.52)",0.0
"((0.75, 0.1), 0.56)",0.0
"((0.75, 0.1), 0.6)",0.0
"((0.75, 0.1), 0.64)",0.0
"((0.75, 0.1), 0.68)",0.0
"((0.75, 0.1), 0.72)",0.0
"((0.75, 0.1), 0.76)",0.0
"((0.75, 0.1), 0.8)",0.0
"((0.75, 0.1), 0.84)",0.0
"((0.75, 0.1), 0.88)",0.0
"((0.75, 0.1), 0.92)",0.0
"((0.75, 0.1), 0.96)",0.0
"((0.75, 0.1), 1.0)",0.0
"((0.75, 0.2), 0.0)",0.0
"((0.75, 0.2), 0.04)",0.0
"((0.75, 0.2), 0.08)",0.0
"((0.75, 0.2), 0.12)",0.0
"((0.75, 0.2), 0.16)",0.0
"((0.75, 0.2), 0.2)",0.0
"((0.75, 0.2), 0.24)",0.0
"((0.75, 0.2), 0.28)",0.0
"((0.75, 0.2), 0.32)",0.0
"((0.75, 0.2), 0.36)",0.0
"((0.75, 0.2), 0.4)",0.0
"((0.75, 0.2), 0.44)",0.0
"((0.75, 0.2), 0.48)",0.0
"((0.75, 0.2), 0.52)",0.0
"((0.75, 0.2), 0.56)",0.0
"((0.75, 0.2), 0.6)",0.0
"((0.75, 0.2), 0.64)",0.0
"((0.75, 0.2), 0.68)",0.0
"((0.75, 0.2), 0.72)",0.0
"((0.75, 0.2), 0.76)",0.0
"((0.75, 0.2), 0.8)",0.0
"((0.75, 0.2), 0.84)",0.0
"((0.75, 0.2), 0.88)",0.0
"((0.75, 0.2), 0.92)",0.0
"((0.75, 0.2), 0.96)",0.0
"((0.75, 0.2), 1.0)",0.0
"((0.75, 0.3), 0.0)",0.0
"((0.75, 0.3), 0.04)",0.0
"((0.75, 0.3), 0.08)",0.0
"((0.75, 0.3), 0.12)",0.0
"((0.75, 0.3), 0.16)",0.0
"((0.75, 0.3), 0.2)",0.0
"((0.75, 0.3), 0.24)",0.0
"((0.75, 0.3), 0.28)",0.0
"((0.75, 0.3), 0.32)",0.0
"((0.75, 0.3), 0.36)",0.0
"((0.75, 0.3), 0.4)",0.0
"((0.75, 0.3), 0.44)",0.0
"((0.75, 0.3), 0.48)",0.0
"((0.75, 0.3), 0.52)",0.0
"((0.75, 0.3), 0.56)",0.0
"((0.75, 0.3), 0.6)",0.0
"((0.75, 0.3), 0.64)",0.0
"((0.75, 0.3), 0.68)",0.0
"((0.75, 0.3), 0.72)",0.0
"((0.75, 0.3), 0.76)",0.0
"((0.75, 0.3), 0.8)",0.0
"((0.75, 0.3), 0.84)",0.0
"((0.75, 0.3), 0.88)",0.0
"((0.75, 0.3), 0.92)",0.0
"((0.75, 0.3), 0.96)",0.0
"((0.75, 0.3), 1.0)",0.0
"((0.75, 0.4), 0.0)",0.0
"((0.75, 0.4), 0.04)",0.0
"((0.75, 0.4), 0.08)",0.0
"((0.75, 0.4), 0.12)",0.0
"((0.75, 0.4), 0.16)",0.0
"((0.75, 0.4), 0.2)",0.0
"((0.75, 0.4), 0.24)",0.0
"((0.75, 0.4), 0.28)",0.0
"((0.75, 0.4), 0.32)",0.0
"((0.75, 0.4), 0.36)",0.0
"((0.75, 0.4), 0.4)",0.0
"((0.75, 0.4), 0.44)",0.0
"((0.75, 0.4), 0.48)",0.0
"((0.75, 0.4), 0.52)",0.0
"((0.75, 0.4), 0.56)",0.0
"((0.75, 0.4), 0.6)",0.0
"((0.75, 0.4), 0.64)",0.0
"((0.75, 0.4), 0.68)",0.0
"((0.75, 0.4), 0.72)",0.0
"((0.75, 0.4), 0.76)",0.0
"((0.75, 0.4), 0.8)",0.0
"((0.75, 0.4), 0.84)",0.0
"((0.75, 0.4), 0.88)",0.0
"((0.75, 0.4), 0.92)",0.0
"((0.75, 0.4), 0.96)",0.0
"((0.75, 0.4), 1.0)",0.0
"((0.75, 0.5), 0.0)",0.0
"((0.75, 0.5), 0.04)",0.0
"((0.75, 0.5), 0.08)",0.0
"((0.75, 0.5), 0.12)",0.0
"((0.75, 0.5), 0.16)",0.0
"((0.75, 0.5), 0.2)",0.0
"((0.75, 0.5), 0.24)",0.0
"((0.75, 0.5), 0.28)",0.0
"((0.75, 0.5), 0.32)",0.0
"((0.75, 0.5), 0.36)",0.0
"((0.75, 0.5), 0.4)",0.0
"((0.75, 0.5), 0.44)",0.0
"((0.75, 0.5), 0.48)",0.0
"((0.75, 0.5), 0.52)",0.0
"((0.75, 0.5), 0.56)",0.0
"((0.75, 0.5), 0.6)",0.0
"((0.75, 0.5), 0.64)",0.0
"((0.75, 0.5), 0.68)",0.0
"((0.75, 0.5), 0.72)",0.0
"((0.75, 0.5), 0.76)",0.0
"((0.75, 0.5), 0.8)",0.0
"((0.75, 0.5), 0.84)",0.0
"((0.75, 0.5), 0.88)",0.0
"((0.75, 0.5), 0.92)",0.0
"((0.75, 0.5), 0.96)",0.0
"((0.75, 0.5), 1.0)",0.0
"((0.75, 0.6), 0.0)",0.0
"((0.75, 0.6), 0.04)",0.0
"((0.75, 0.6), 0.08)",0.0
"((0.75, 0.6), 0.12)",0.0
"((0.75, 0.6), 0.16)",0.0
"((0.75, 0.6), 0.2)",0.0
"((0.75, 0.6), 0.24)",0.0
"((0.75, 0.6), 0.28)",0.0
"((0.75, 0.6), 0.32)",0.0
"((0.75, 0.6), 0.36)",0.0
"((0.75, 0.6), 0.4)",0.0
"((0.75, 0.6), 0.44)",0.0
"((0.75, 0.6), 0.48)",0.0
"((0.75, 0.6), 0.52)",0.0
"((0.75, 0.6), 0.56)",0.0
"((0.75, 0.6), 0.6)",0.0
"((0.75, 0.6), 0.64)",0.0
"((0.75, 0.6), 0.68)",0.0
"((0.75, 0.6), 0.72)",0.0
"((0.75, 0.6), 0.76)",0.0
"((0.75, 0.6), 0.8)",0.0
"((0.75, 0.6), 0.84)",0.0
"((0.75, 0.6), 0.88)",0.0
"((0.75, 0.6), 0.92)",0.0
"((0.75, 0.6), 0.96)",0.0
"((0.75, 0.6), 1.0)",0.0
"((0.75, 0.7), 0.0)",0.0
"((0.75, 0.7), 0.04)",0.0
"((0.75, 0.7), 0.08)",0.0
"((0.75, 0.7), 0.12)",0.0
"((0.75, 0.7), 0.16)",0.0
"((0.75, 0.7), 0.2)",0.0
"((0.75, 0.7), 0.24)",0.0
"((0.75, 0.7), 0.28)",0.0
"((0.75, 0.7), 0.32)",0.0
"((0.75, 0.7), 0.36)",0.0
"((0.75, 0.7), 0.4)",0.0
"((0.75, 0.7), 0.44)",0.0
"((0.75, 0.7), 0.48)",0.0
"((0.75, 0.7), 0.52)",0.0
"((0.75, 0.7), 0.56)",0.0
"((0.75, 0.7), 0.6)",0.0
"((0.75, 0.7), 0.64)",0.0
"((0.75, 0.7), 0.68)",0.0
"((0.75, 0.7), 0.72)",0.0
"((0.75, 0.7), 0.76)",0.0
"((0.75, 0.7), 0.8)",0.0
"((0.75, 0.7), 0.84)",0.0
"((0.75, 0.7), 0.88)",0.0
"((0.75, 0.7), 0.92)",0.0
"((0.75, 0.7), 0.96)",0.0
"((0.75, 0.7), 1.0)",0.0
"((0.75, 0.8), 0.0)",0.0
"((0.75, 0.8), 0.04)",0.0
"((0.75, 0.8), 0.08)",0.0
"((0.75, 0.8), 0.12)",0.0
"((0.75, 0.8), 0.16)",0.0
"((0.75, 0.8), 0.2)",0.0
"((0.75, 0.8), 0.24)",0.0
"((0.75, 0.8), 0.28)",0.0
"((0.75, 0.8), 0.32)",0.0
"((0.75, 0.8), 0.36)",0.0
"((0.75, 0.8), 0.4)",0.0
"((0.75, 0.8), 0.44)",0.0
"((0.75, 0.8), 0.48)",0.0
"((0.75, 0.8), 0.52)",0.0
"((0.75, 0.8), 0.56)",0.0
"((0.75, 0.8), 0.6)",0.0
"((0.75, 0.8), 0.64)",0.0
"((0.75, 0.8), 0.68)",0.0
"((0.75, 0.8), 0.72)",0.0
"((0.75, 0.8), 0.76)",0.0
"((0.75, 0.8), 0.8)",0.0
"((0.75, 0.8), 0.84)",0.0
"((0.75, 0.8), 0.88)",0.0
"((0.75, 0.8), 0.92)",0.0
"((0.75, 0.8), 0.96)",0.0
"((0.75, 0.8), 1.0)",0.0
"((0.75, 0.9), 0.0)",0.0
"((0.75, 0.9), 0.04)",0.0
"((0.75, 0.9), 0.08)",0.0
"((0.75, 0.9), 0.12)",0.0
"((0.75, 0.9), 0.16)",0.0
"((0.75, 0.9), 0.2)",0.0
"((0.75, 0.9), 0.24)",0.0
"((0.75, 0.9), 0.28)",0.0
"((0.75, 0.9), 0.32)",0.0
"((0.75, 0.9), 0.36)",0.0
"((0.75, 0.9), 0.4)",0.0
"((0.75, 0.9), 0.44)",0.0
"((0.75, 0.9), 0.48)",0.0
"((0.75, 0.9), 0.52)",0.0
"((0.75, 0.9), 0.56)",0.0
"((0.75, 0.9), 0.6)",0.0
"((0.75, 0.9), 0.64)",0.0
"((0.75, 0.9), 0.68)",0.0
"((0.75, 0.9), 0.72)",0.0
"((0.75, 0.9), 0.76)",0.0
"((0.75, 0.9), 0.8)",0.0
"((0.75, 0.9), 0.84)",0.0
"((0.75, 0.9), 0.88)",0.0
"((0.75, 0.9), 0.92)",0.0
"((0.75, 0.9), 0.96)",0.0
"((0.75, 0.9), 1.0)",0.0
"((0.75, 1.0), 0.0)",0.0
"((0.75, 1.0), 0.04)",0.0
"((0.75, 1.0), 0.08)",0.0
"((0.75, 1.0), 0.12)",0.0
"((0.75, 1.0), 0.16)",0.0
"((0.75, 1.0), 0.2)",0.0
"((0.75, 1.0), 0.24)",0.0
"((0.75, 1.0), 0.28)",0.0
"((0.75, 1.0), 0.32)",0.0
"((0.75, 1.0), 0.36)",0.0
"((0.75, 1.0), 0.4)",0.0
"((0.75, 1.0), 0.44)",0.0
"((0.75, 1.0), 0.48)",0.0
"((0.75, 1.0), 0.52)",0.0
"((0.75, 1.0), 0.56)",0.0
"((0.75, 1.0), 0.6)",0.0
"((0.75, 1.0), 0.64)",0.0
"((0.75, 1.0), 0.68)",0.0
"((0.75, 1.0), 0.72)",0.0
"((0.75, 1.0), 0.76)",0.0
"((0.75, 1.0), 0.8)",0.0
"((0.75, 1.0), 0.84)",0.0
"((0.75, 1.0), 0.88)",0.0
"((0.75, 1.0), 0.92)",0.0
"((0.75, 1.0), 0.96)",0.0
"((0.75, 1.0), 1.0)",0.0
"((1.0, 0), 0.0)",6.350949369232669
"((1.0, 0), 0.04)",3.0107719925806173
"((1.0, 0), 0.08)",3.512425995911523
"((1.0, 0), 0.12)",2.625667148405618
"((1.0, 0), 0.16)",3.114806697428366
"((1.0, 0), 0.2)",3.694470901148021
"((1.0, 0), 0.24)",2.7830263520693532
"((1.0, 0), 0.28)",3.1316886225284972
"((1.0, 0), 0.32)",2.488667797985589
"((1.0, 0), 0.36)",2.7676109042133485
"((1.0, 0), 0.4)",3.163635270818738
"((1.0, 0), 0.44)",2.96673939379225
"((1.0, 0), 0.48)",3.02316624686332
"((1.0, 0), 0.52)",2.7023558818945874
"((1.0, 0), 0.56)",3.292874359614509
"((1.0, 0), 0.6)",2.944751079024038
"((1.0, 0), 0.64)",3.3964110263278213
"((1.0, 0), 0.68)",4.173448683184281
"((1.0, 0), 0.72)",3.296298100792376
"((1.0, 0), 0.76)",2.564361513694952
"((1.0, 0), 0.8)",3.5773523700954275
"((1.0, 0), 0.84)",2.768354673075091
"((1.0, 0), 0.88)",3.3219135231650556
"((1.0, 0), 0.92)",3.0939741593601844
"((1.0, 0), 0.96)",2.0976122044706886
"((1.0, 0), 1.0)",3.1583052362240434
"((1.0, 0.1), 0.0)",0.0
"((1.0, 0.1), 0.04)",0.0
"((1.0, 0.1), 0.08)",0.0
"((1.0, 0.1), 0.12)",0.0
"((1.0, 0.1), 0.16)",0.0
"((1.0, 0.1), 0.2)",0.0
"((1.0, 0.1), 0.24)",0.0
"((1.0, 0.1), 0.28)",0.0
"((1.0, 0.1), 0.32)",0.0
"((1.0, 0.1), 0.36)",0.0
"((1.0, 0.1), 0.4)",0.0
"((1.0, 0.1), 0.44)",0.0
"((1.0, 0.1), 0.48)",0.0
"((1.0, 0.1), 0.52)",0.0
"((1.0, 0.1), 0.56)",0.0
"((1.0, 0.1), 0.6)",0.0
"((1.0, 0.1), 0.64)",0.0
"((1.0, 0.1), 0.68)",0.0
"((1.0, 0.1), 0.72)",0.0
"((1.0, 0.1), 0.76)",0.0
"((1.0, 0.1), 0.8)",0.0
"((1.0, 0.1), 0.84)",0.0
"((1.0, 0.1), 0.88)",0.0
"((1.0, 0.1), 0.92)",0.0
"((1.0, 0.1), 0.96)",0.0
"((1.0, 0.1), 1.0)",0.0
"((1.0, 0.2), 0.0)",0.0
"((1.0, 0.2), 0.04)",0.0
"((1.0, 0.2), 0.08)",0.0
"((1.0, 0.2), 0.12)",0.0
"((1.0, 0.2), 0.16)",0.0
"((1.0, 0.2), 0.2)",0.0
"((1.0, 0.2), 0.24)",0.0
"((1.0, 0.2), 0.28)",0.0
"((1.0, 0.2), 0.32)",0.0
"((1.0, 0.2), 0.36)",0.0
"((1.0, 0.2), 0.4)",0.0
"((1.0, 0.2), 0.44)",0.0
"((1.0, 0.2), 0.48)",0.0
"((1.0, 0.2), 0.52)",0.0
"((1.0, 0.2), 0.56)",0.0
"((1.0, 0.2), 0.6)",0.0
"((1.0, 0.2), 0.64)",0.0
"((1.0, 0.2), 0.68)",0.0
"((1.0, 0.2), 0.72)",0.0
"((1.0, 0.2), 0.76)",0.0
"((1.0, 0.2), 0.8)",0.0
"((1.0, 0.2), 0.84)",0.0
"((1.0, 0.2), 0.88)",0.0
"((1.0, 0.2), 0.92)",0.0
"((1.0, 0.2), 0.96)",0.0
"((1.0, 0.2), 1.0)",0.0
"((1.0, 0.3), 0.0)",0.0
"((1.0, 0.3), 0.04)",0.0
"((1.0, 0.3), 0.08)",0.0
"((1.0, 0.3), 0.12)",0.0
"((1.0, 0.3), 0.16)",0.0
"((1.0, 0.3), 0.2)",0.0
"((1.0, 0.3), 0.24)",0.0
"((1.0, 0.3), 0.28)",0.0
"((1.0, 0.3), 0.32)",0.0
"((1.0, 0.3), 0.36)",0.0
"((1.0, 0.3), 0.4)",0.0
"((1.0, 0.3), 0.44)",0.0
"((1.0, 0.3), 0.48)",0.0
"((1.0, 0.3), 0.52)",0.0
"((1.0, 0.3), 0.56)",0.0
"((1.0, 0.3), 0.6)",0.0
"((1.0, 0.3), 0.64)",0.0
"((1.0, 0.3), 0.68)",0.0
"((1.0, 0.3), 0.72)",0.0
"((1.0, 0.3), 0.76)",0.0
"((1.0, 0.3), 0.8)",0.0
"((1.0, 0.3), 0.84)",0.0
"((1.0, 0.3), 0.88)",0.0
"((1.0, 0.3), 0.92)",0.0
"((1.0, 0.3), 0.96)",0.0
"((1.0, 0.3), 1.0)",0.0
"((1.0, 0.4), 0.0)",0.0
"((1.0, 0.4), 0.04)",0.0
"((1.0, 0.4), 0.08)",0.0
"((1.0, 0.4), 0.12)",0.0
"((1.0, 0.4), 0.16)",0.0
"((1.0, 0.4), 0.2)",0.0
"((1.0, 0.4), 0.24)",0.0
"((1.0, 0.4), 0.28)",0.0
"((1.0, 0.4), 0.32)",0.0
"((1.0, 0.4), 0.36)",0.0
"((1.0, 0.4), 0.4)",0.0
"((1.0, 0.4), 0.44)",0.0
"((1.0, 0.4), 0.48)",0.0
"((1.0, 0.4), 0.52)",0.0
"((1.0, 0.4), 0.56)",0.0
"((1.0, 0.4), 0.6)",0.0
"((1.0, 0.4), 0.64)",0.0
"((1.0, 0.4), 0.68)",0.0
"((1.0, 0.4), 0.72)",0.0
"((1.0, 0.4), 0.76)",0.0
"((1.0, 0.4), 0.8)",0.0
"((1.0, 0.4), 0.84)",0.0
"((1.0, 0.4), 0.88)",0.0
"((1.0, 0.4), 0.92)",0.0
"((1.0, 0.4), 0.96)",0.0
"((1.0, 0.4), 1.0)",0.0
"((1.0, 0.5), 0.0)",0.0
"((1.0, 0.5), 0.04)",0.0
"((1.0, 0.5), 0.08)",0.0
"((1.0, 0.5), 0.12)",0.0
"((1.0, 0.5), 0.16)",0.0
"((1.0, 0.5), 0.2)",0.0
"((1.0, 0.5), 0.24)",0.0
"((1.0, 0.5), 0.28)",0.0
"((1.0, 0.5), 0.32)",0.0
"((1.0, 0.5), 0.36)",0.0
"((1.0, 0.5), 0.4)",0.0
"((1.0, 0.5), 0.44)",0.0
"((1.0, 0.5), 0.48)",0.0
"((1.0, 0.5), 0.52)",0.0
"((1.0, 0.5), 0.56)",0.0
"((1.0, 0.5), 0.6)",0.0
"((1.0, 0.5), 0.64)",0.0
"((1.0, 0.5), 0.68)",0.0
"((1.0, 0.5), 0.72)",0.0
"((1.0, 0.5), 0.76)",0.0
"((1.0, 0.5), 0.8)",0.0
"((1.0, 0.5), 0.84)",0.0
"((1.0, 0.5), 0.88)",0.0
"((1.0, 0.5), 0.92)",0.0
"((1.0, 0.5), 0.96)",0.0
"((1.0, 0.5), 1.0)",0.0
"((1.0, 0.6), 0.0)",0.0
"((1.0, 0.6), 0.04)",0.0
"((1.0, 0.6), 0.08)",0.0
"((1.0, 0.6), 0.12)",0.0
"((1.0, 0.6), 0.16)",0.0
"((1.0, 0.6), 0.2)",0.0
"((1.0, 0.6), 0.24)",0.0
"((1.0, 0.6), 0.28)",0.0
"((1.0, 0.6), 0.32)",0.0
"((1.0, 0.6), 0.36)",0.0
"((1.0, 0.6), 0.4)",0.0
"((1.0, 0.6), 0.44)",0.0
"((1.0, 0.6), 0.48)",0.0
"((1.0, 0.6), 0.52)",0.0
"((1.0, 0.6), 0.56)",0.0
"((1.0, 0.6), 0.6)",0.0
"((1.0, 0.6), 0.64)",0.0
"((1.0, 0.6), 0.68)",0.0
"((1.0, 0.6), 0.72)",0.0
"((1.0, 0.6), 0.76)",0.0
"((1.0, 0.6), 0.8)",0.0
"((1.0, 0.6), 0.84)",0.0
"((1.0, 0.6), 0.88)",0.0
"((1.0, 0.6), 0.92)",0.0
"((1.0, 0.6), 0.96)",0.0
"((1.0, 0.6), 1.0)",0.0
"((1.0, 0.7), 0.0)",0.0
"((1.0, 0.7), 0.04)",0.0
"((1.0, 0.7), 0.08)",0.0
"((1.0, 0.7), 0.12)",0.0
"((1.0, 0.7), 0.16)",0.0
"((1.0, 0.7), 0.2)",0.0
"((1.0, 0.7), 0.24)",0.0
"((1.0, 0.7), 0.28)",0.0
"((1.0, 0.7), 0.32)",0.0
"((1.0, 0.7), 0.36)",0.0
"((1.0, 0.7), 0.4)",0.0
"((1.0, 0.7), 0.44)",0.0
"((1.0, 0.7), 0.48)",0.0
"((1.0, 0.7), 0.52)",0.0
"((1.0, 0.7), 0.56)",0.0
"((1.0, 0.7), 0.6)",0.0
"((1.0, 0.7), 0.64)",0.0
"((1.0, 0.7), 0.68)",0.0
"((1.0, 0.7), 0.72)",0.0
"((1.0, 0.7), 0.76)",0.0
"((1.0, 0.7), 0.8)",0.0
"((1.0, 0.7), 0.84)",0.0
"((1.0, 0.7), 0.88)",0.0
"((1.0, 0.7), 0.92)",0.0
"((1.0, 0.7), 0.96)",0.0
"((1.0, 0.7), 1.0)",0.0
"((1.0, 0.8), 0.0)",0.0
"((1.0, 0.8), 0.04)",0.0
"((1.0, 0.8), 0.08)",0.0
"((1.0, 0.8), 0.12)",0.0
"((1.0, 0.8), 0.16)",0.0
"((1.0, 0.8), 0.2)",0.0
"((1.0, 0.8), 0.24)",0.0
"((1.0, 0.8), 0.28)",0.0
"((1.0, 0.8), 0.32)",0.0
"((1.0, 0.8), 0.36)",0.0
"((1.0, 0.8), 0.4)",0.0
"((1.0, 0.8), 0.44)",0.0
"((1.0, 0.8), 0.48)",0.0
"((1.0, 0.8), 0.52)",0.0
"((1.0, 0.8), 0.56)",0.0
"((1.0, 0.8), 0.6)",0.0
"((1.0, 0.8), 0.64)",0.0
"((1.0, 0.8), 0.68)",0.0
"((1.0, 0.8), 0.72)",0.0
"((1.0, 0.8), 0.76)",0.0
"((1.0, 0.8), 0.8)",0.0
"((1.0, 0.8), 0.84)",0.0
"((1.0, 0.8), 0.88)",0.0
"((1.0, 0.8), 0.92)",0.0
"((1.0, 0.8), 0.96)",0.0
"((1.0, 0.8), 1.0)",0.0
"((1.0, 0.9), 0.0)",0.0
"((1.0, 0.9), 0.04)",0.0
"((1.0, 0.9), 0.08)",0.0
"((1.0, 0.9), 0.12)",0.0
"((1.0, 0.9), 0.16)",0.0
"((1.0, 0.9), 0.2)",0.0
"((1.0, 0.9), 0.24)",0.0
"((1.0, 0.9), 0.28)",0.0
"((1.0, 0.9), 0.32)",0.0
"((1.0, 0.9), 0.36)",0.0
"((1.0, 0.9), 0.4)",0.0
"((1.0, 0.9), 0.44)",0.0
"((1.0, 0.9), 0.48)",0.0
"((1.0, 0.9), 0.52)",0.0
"((1.0, 0.9), 0.56)",0.0
"((1.0, 0.9), 0.6)",0.0
"((1.0, 0.9), 0.64)",0.0
"((1.0, 0.9), 0.68)",0.0
"((1.0, 0.9), 0.72)",0.0
"((1.0, 0.9), 0.76)",0.0
"((1.0, 0.9), 0.8)",0.0
"((1.0, 0.9), 0.84)",0.0
"((1.0, 0.9), 0.88)",0.0
"((1.0, 0.9), 0.92)",0.0
"((1.0, 0.9), 0.96)",0.0
"((1.0, 0.9), 1.0)",0.0
"((1.0, 1.0), 0.0)",0.0
"((1.0, 1.0), 0.04)",0.0
"((1.0, 1.0), 0.08)",0.0
"((1.0, 1.0), 0.12)",0.0
"((1.0, 1.0), 0.16)",0.0
"((1.0, 1.0), 0.2)",0.0
"((1.0, 1.0), 0.24)",0.0
"((1.0, 1.0), 0.28)",0.0
"((1.0, 1.0), 0.32)",0.0
"((1.0, 1.0), 0.36)",0.0
"((1.0, 1.0), 0.4)",0.0
"((1.0, 1.0), 0.44)",0.0
"((1.0, 1.0), 0.48)",0.0
"((1.0, 1.0), 0.52)",0.0
"((1.0, 1.0), 0.56)",0.0
"((1.0, 1.0), 0.6)",0.0
"((1.0, 1.0), 0.64)",0.0
"((1.0, 1.0), 0.68)",0.0
"((1.0, 1.0), 0.72)",0.0
"((1.0, 1.0), 0.76)",0.0
"((1.0, 1.0), 0.8)",0.0
"((1.0, 1.0), 0.84)",0.0
"((1.0, 1.0), 0.88)",0.0
"((1.0, 1.0), 0.92)",0.0
"((1.0, 1.0), 0.96)",0.0
"((1.0, 1.0), 1.0)",0.0
"((1.25, 0), 0.0)",0.0
"((1.25, 0), 0.04)",0.0
"((1.25, 0), 0.08)",0.0
"((1.25, 0), 0.12)",0.0
"((1.25, 0), 0.16)",0.0
"((1.25, 0), 0.2)",0.0
"((1.25, 0), 0.24)",0.0
"((1.25, 0), 0.28)",0.0
"((1.25, 0), 0.32)",0.0
"((1.25, 0), 0.36)",0.0
"((1.25, 0), 0.4)",0.0
"((1.25, 0), 0.44)",0.0
"((1.25, 0), 0.48)",0.0
"((1.25, 0), 0.52)",0.0
"((1.25, 0), 0.56)",0.0
"((1.25, 0), 0.6)",0.0
"((1.25, 0), 0.64)",0.0
"((1.25, 0), 0.68)",0.0
"((1.25, 0), 0.72)",0.0
"((1.25, 0), 0.76)",0.0
"((1.25, 0), 0.8)",0.0
"((1.25, 0), 0.84)",0.0
"((1.25, 0), 0.88)",0.0
"((1.25, 0), 0.92)",0.0
"((1.25, 0), 0.96)",0.0
"((1.25, 0), 1.0)",0.0
"((1.25, 0.1), 0.0)",0.0
"((1.25, 0.1), 0.04)",0.0
"((1.25, 0.1), 0.08)",0.0
"((1.25, 0.1), 0.12)",0.0
"((1.25, 0.1), 0.16)",0.0
"((1.25, 0.1), 0.2)",0.0
"((1.25, 0.1), 0.24)",0.0
"((1.25, 0.1), 0.28)",0.0
"((1.25, 0.1), 0.32)",0.0
"((1.25, 0.1), 0.36)",0.0
"((1.25, 0.1), 0.4)",0.0
"((1.25, 0.1), 0.44)",0.0
"((1.25, 0.1), 0.48)",0.0
"((1.25, 0.1), 0.52)",0.0
"((1.25, 0.1), 0.56)",0.0
"((1.25, 0.1), 0.6)",0.0
"((1.25, 0.1), 0.64)",0.0
"((1.25, 0.1), 0.68)",0.0
"((1.25, 0.1), 0.72)",0.0
"((1.25, 0.1), 0.76)",0.0
"((1.25, 0.1), 0.8)",0.0
"((1.25, 0.1), 0.84)",0.0
"((1.25, 0.1), 0.88)",0.0
"((1.25, 0.1), 0.92)",0.0
"((1.25, 0.1), 0.96)",0.0
"((1.25, 0.1), 1.0)",0.0
"((1.25, 0.2), 0.0)",0.0
"((1.25, 0.2), 0.04)",0.0
"((1.25, 0.2), 0.08)",0.0
"((1.25, 0.2), 0.12)",0.0
"((1.25, 0.2), 0.16)",0.0
"((1.25, 0.2), 0.2)",0.0
"((1.25, 0.2), 0.24)",0.0
"((1.25, 0.2), 0.28)",0.0
"((1.25, 0.2), 0.32)",0.0
"((1.25, 0.2), 0.36)",0.0
"((1.25, 0.2), 0.4)",0.0
"((1.25, 0.2), 0.44)",0.0
"((1.25, 0.2), 0.48)",0.0
"((1.25, 0.2), 0.52)",0.0
"((1.25, 0.2), 0.56)",0.0
"((1.25, 0.2), 0.6)",0.0
"((1.25, 0.2), 0.64)",0.0
"((1.25, 0.2), 0.68)",0.0
"((1.25, 0.2), 0.72)",0.0
"((1.25, 0.2), 0.76)",0.0
"((1.25, 0.2), 0.8)",0.0
"((1.25, 0.2), 0.84)",0.0
"((1.25, 0.2), 0.88)",0.0
"((1.25, 0.2), 0.92)",0.0
"((1.25, 0.2), 0.96)",0.0
"((1.25, 0.2), 1.0)",0.0
"((1.25, 0.3), 0.0)",0.0
"((1.25, 0.3), 0.04)",0.0
"((1.25, 0.3), 0.08)",0.0
"((1.25, 0.3), 0.12)",0.0
"((1.25, 0.3), 0.16)",0.0
"((1.25, 0.3), 0.2)",0.0
"((1.25, 0.3), 0.24)",0.0
"((1.25, 0.3), 0.28)",0.0
"((1.25, 0.3), 0.32)",0.0
"((1.25, 0.3), 0.36)",0.0
"((1.25, 0.3), 0.4)",0.0
"((1.25, 0.3), 0.44)",0.0
"((1.25, 0.3), 0.48)",0.0
"((1.25, 0.3), 0.52)",0.0
"((1.25, 0.3), 0.56)",0.0
"((1.25, 0.3), 0.6)",0.0
"((1.25, 0.3), 0.64)",0.0
"((1.25, 0.3), 0.68)",0.0
"((1.25, 0.3), 0.72)",0.0
"((1.25, 0.3), 0.76)",0.0
"((1.25, 0.3), 0.8)",0.0
"((1.25, 0.3), 0.84)",0.0
"((1.25, 0.3), 0.88)",0.0
"((1.25, 0.3), 0.92)",0.0
"((1.25, 0.3), 0.96)",0.0
"((1.25, 0.3), 1.0)",0.0
"((1.25, 0.4), 0.0)",0.0
"((1.25, 0.4), 0.04)",0.0
"((1.25, 0.4), 0.08)",0.0
"((1.25, 0.4), 0.12)",0.0
"((1.25, 0.4), 0.16)",0.0
"((1.25, 0.4), 0.2)",0.0
"((1.25, 0.4), 0.24)",0.0
"((1.25, 0.4), 0.28)",0.0
"((1.25, 0.4), 0.32)",0.0
"((1.25, 0.4), 0.36)",0.0
"((1.25, 0.4), 0.4)",0.0
"((1.25, 0.4), 0.44)",0.0
"((1.25, 0.4), 0.48)",0.0
"((1.25, 0.4), 0.52)",0.0
"((1.25, 0.4), 0.56)",0.0
"((1.25, 0.4), 0.6)",0.0
"((1.25, 0.4), 0.64)",0.0
"((1.25, 0.4), 0.68)",0.0
"((1.25, 0.4), 0.72)",0.0
"((1.25, 0.4), 0.76)",0.0
"((1.25, 0.4), 0.8)",0.0
"((1.25, 0.4), 0.84)",0.0
"((1.25, 0.4), 0.88)",0.0
"((1.25, 0.4), 0.92)",0.0
"((1.25, 0.4), 0.96)",0.0
"((1.25, 0.4), 1.0)",0.0
"((1.25, 0.5), 0.0)",0.0
"((1.25, 0.5), 0.04)",0.0
"((1.25, 0.5), 0.08)",0.0
"((1.25, 0.5), 0.12)",0.0
"((1.25, 0.5), 0.16)",0.0
"((1.25, 0.5), 0.2)",0.0
"((1.25, 0.5), 0.24)",0.0
"((1.25, 0.5), 0.28)",0.0
"((1.25, 0.5), 0.32)",0.0
"((1.25, 0.5), 0.36)",0.0
"((1.25, 0.5), 0.4)",0.0
"((1.25, 0.5), 0.44)",0.0
"((1.25, 0.5), 0.48)",0.0
"((1.25, 0.5), 0.52)",0.0
"((1.25, 0.5), 0.56)",0.0
"((1.25, 0.5), 0.6)",0.0
"((1.25, 0.5), 0.64)",0.0
"((1.25, 0.5), 0.68)",0.0
"((1.25, 0.5), 0.72)",0.0
"((1.25, 0.5), 0.76)",0.0
"((1.25, 0.5), 0.8)",0.0
"((1.25, 0.5), 0.84)",0.0
"((1.25, 0.5), 0.88)",0.0
"((1.25, 0.5), 0.92)",0.0
"((1.25, 0.5), 0.96)",0.0
"((1.25, 0.5), 1.0)",0.0
"((1.25, 0.6), 0.0)",0.0
"((1.25, 0.6), 0.04)",0.0
"((1.25, 0.6), 0.08)",0.0
"((1.25, 0.6), 0.12)",0.0
"((1.25, 0.6), 0.16)",0.0
"((1.25, 0.6), 0.2)",0.0
"((1.25, 0.6), 0.24)",0.0
"((1.25, 0.6), 0.28)",0.0
"((1.25, 0.6), 0.32)",0.0
"((1.25, 0.6), 0.36)",0.0
"((1.25, 0.6), 0.4)",0.0
"((1.25, 0.6), 0.44)",0.0
"((1.25, 0.6), 0.48)",0.0
"((1.25, 0.6), 0.52)",0.0
"((1.25, 0.6), 0.56)",0.0
"((1.25, 0.6), 0.6)",0.0
"((1.25, 0.6), 0.64)",0.0
"((1.25, 0.6), 0.68)",0.0
"((1.25, 0.6), 0.72)",0.0
"((1.25, 0.6), 0.76)",0.0
"((1.25, 0.6), 0.8)",0.0
"((1.25, 0.6), 0.84)",0.0
"((1.25, 0.6), 0.88)",0.0
"((1.25, 0.6), 0.92)",0.0
"((1.25, 0.6), 0.96)",0.0
"((1.25, 0.6), 1.0)",0.0
"((1.25, 0.7), 0.0)",0.0
"((1.25, 0.7), 0.04)",0.0
"((1.25, 0.7), 0.08)",0.0
"((1.25, 0.7), 0.12)",0.0
"((1.25, 0.7), 0.16)",0.0
"((1.25, 0.7), 0.2)",0.0
"((1.25, 0.7), 0.24)",0.0
"((1.25, 0.7), 0.28)",0.0
"((1.25, 0.7), 0.32)",0.0
"((1.25, 0.7), 0.36)",0.0
"((1.25, 0.7), 0.4)",0.0
"((1.25, 0.7), 0.44)",0.0
"((1.25, 0.7), 0.48)",0.0
"((1.25, 0.7), 0.52)",0.0
"((1.25, 0.7), 0.56)",0.0
"((1.25, 0.7), 0.6)",0.0
"((1.25, 0.7), 0.64)",0.0
"((1.25, 0.7), 0.68)",0.0
"((1.25, 0.7), 0.72)",0.0
"((1.25, 0.7), 0.76)",0.0
"((1.25, 0.7), 0.8)",0.0
"((1.25, 0.7), 0.84)",0.0
"((1.25, 0.7), 0.88)",0.0
"((1.25, 0.7), 0.92)",0.0
"((1.25, 0.7), 0.96)",0.0
"((1.25, 0.7), 1.0)",0.0
"((1.25, 0.8), 0.0)",0.0
"((1.25, 0.8), 0.04)",0.0
"((1.25, 0.8), 0.08)",0.0
"((1.25, 0.8), 0.12)",0.0
"((1.25, 0.8), 0.16)",0.0
"((1.25, 0.8), 0.2)",0.0
"((1.25, 0.8), 0.24)",0.0
"((1.25, 0.8), 0.28)",0.0
"((1.25, 0.8), 0.32)",0.0
"((1.25, 0.8), 0.36)",0.0
"((1.25, 0.8), 0.4)",0.0
"((1.25, 0.8), 0.44)",0.0
"((1.25, 0.8), 0.48)",0.0
"((1.25, 0.8), 0.52)",0.0
"((1.25, 0.8), 0.56)",0.0
"((1.25, 0.8), 0.6)",0.0
"((1.25, 0.8), 0.64)",0.0
"((1.25, 0.8), 0.68)",0.0
"((1.25, 0.8), 0.72)",0.0
"((1.25, 0.8), 0.76)",0.0
"((1.25, 0.8), 0.8)",0.0
"((1.25, 0.8), 0.84)",0.0
"((1.25, 0.8), 0.88)",0.0
"((1.25, 0.8), 0.92)",0.0
"((1.25, 0.8), 0.96)",0.0
"((1.25, 0.8), 1.0)",0.0
"((1.25, 0.9), 0.0)",0.0
"((1.25, 0.9), 0.04)",0.0
"((1.25, 0.9), 0.08)",0.0
"((1.25, 0.9), 0.12)",0.0
"((1.25, 0.9), 0.16)",0.0
"((1.25, 0.9), 0.2)",0.0
"((1.25, 0.9), 0.24)",0.0
"((1.25, 0.9), 0.28)",0.0
"((1.25, 0.9), 0.32)",0.0
"((1.25, 0.9), 0.36)",0.0
"((1.25, 0.9), 0.4)",0.0
"((1.25, 0.9), 0.44)",0.0
"((1.25, 0.9), 0.48)",0.0
"((1.25, 0.9), 0.52)",0.0
"((1.25, 0.9), 0.56)",0.0
"((1.25, 0.9), 0.6)",0.0
"((1.25, 0.9), 0.64)",0.0
"((1.25, 0.9), 0.68)",0.0
"((1.25, 0.9), 0.72)",0.0
"((1.25, 0.9), 0.76)",0.0
"((1.25, 0.9), 0.8)",0.0
"((1.25, 0.9), 0.84)",0.0
"((1.25, 0.9), 0.88)",0.0
"((1.25, 0.9), 0.92)",0.0
"((1.25, 0.9), 0.96)",0.0
"((1.25, 0.9), 1.0)",0.0
"((1.25, 1.0), 0.0)",0.0
"((1.25, 1.0), 0.04)",0.0
"((1.25, 1.0), 0.08)",0.0
"((1.25, 1.0), 0.12)",0.0
"((1.25, 1.0), 0.16)",0.0
"((1.25, 1.0), 0.2)",0.0
"((1.25, 1.0), 0.24)",0.0
"((1.25, 1.0), 0.28)",0.0
"((1.25, 1.0), 0.32)",0.0
"((1.25, 1.0), 0.36)",0.0
"((1.25, 1.0), 0.4)",0.0
"((1.25, 1.0), 0.44)",0.0
"((1.25, 1.0), 0.48)",0.0
"((1.25, 1.0), 0.52)",0.0
"((1.25, 1.0), 0.56)",0.0
"((1.25, 1.0), 0.6)",0.0
"((1.25, 1.0), 0.64)",0.0
"((1.25, 1.0), 0.68)",0.0
"((1.25, 1.0), 0.72)",0.0
"((1.25, 1.0), 0.76)",0.0
"((1.25, 1.0), 0.8)",0.0
"((1.25, 1.0), 0.84)",0.0
"((1.25, 1.0), 0.88)",0.0
"((1.25, 1.0), 0.92)",0.0
"((1.25, 1.0), 0.96)",0.0
"((1.25, 1.0), 1.0)",0.0
"((1.5, 0), 0.0)",0.0
"((1.5, 0), 0.04)",0.0
"((1.5, 0), 0.08)",0.0
"((1.5, 0), 0.12)",0.0
"((1.5, 0), 0.16)",0.0
"((1.5, 0), 0.2)",0.0
"((1.5, 0), 0.24)",0.0
"((1.5, 0), 0.28)",0.0
"((1.5, 0), 0.32)",0.0
"((1.5, 0), 0.36)",0.0
"((1.5, 0), 0.4)",0.0
"((1.5, 0), 0.44)",0.0
"((1.5, 0), 0.48)",0.0
"((1.5, 0), 0.52)",0.0
"((1.5, 0), 0.56)",0.0
"((1.5, 0), 0.6)",0.0
"((1.5, 0), 0.64)",0.0
"((1.5, 0), 0.68)",0.0
"((1.5, 0), 0.72)",0.0
"((1.5, 0), 0.76)",0.0
"((1.5, 0), 0.8)",0.0
"((1.5, 0), 0.84)",0.0
"((1.5, 0), 0.88)",0.0
"((1.5, 0), 0.92)",0.0
"((1.5, 0), 0.96)",0.0
"((1.5, 0), 1.0)",0.0
"((1.5, 0.1), 0.0)",0.0
"((1.5, 0.1), 0.04)",0.0
"((1.5, 0.1), 0.08)",0.0
"((1.5, 0.1), 0.12)",0.0
"((1.5, 0.1), 0.16)",0.0
"((1.5, 0.1), 0.2)",0.0
"((1.5, 0.1), 0.24)",0.0
"((1.5, 0.1), 0.28)",0.0
"((1.5, 0.1), 0.32)",0.0
"((1.5, 0.1), 0.36)",0.0
"((1.5, 0.1), 0.4)",0.0
"((1.5, 0.1), 0.44)",0.0
"((1.5, 0.1), 0.48)",0.0
"((1.5, 0.1), 0.52)",0.0
"((1.5, 0.1), 0.56)",0.0
"((1.5, 0.1), 0.6)",0.0
"((1.5, 0.1), 0.64)",0.0
"((1.5, 0.1), 0.68)",0.0
"((1.5, 0.1), 0.72)",0.0
"((1.5, 0.1), 0.76)",0.0
"((1.5, 0.1), 0.8)",0.0
"((1.5, 0.1), 0.84)",0.0
"((1.5, 0.1), 0.88)",0.0
"((1.5, 0.1), 0.92)",0.0
"((1.5, 0.1), 0.96)",0.0
"((1.5, 0.1), 1.0)",0.0
"((1.5, 0.2), 0.0)",0.0
"((1.5, 0.2), 0.04)",0.0
"((1.5, 0.2), 0.08)",0.0
"((1.5, 0.2), 0.12)",0.0
"((1.5, 0.2), 0.16)",0.0
"((1.5, 0.2), 0.2)",0.0
"((1.5, 0.2), 0.24)",0.0
"((1.5, 0.2), 0.28)",0.0
"((1.5, 0.2), 0.32)",0.0
"((1.5, 0.2), 0.36)",0.0
"((1.5, 0.2), 0.4)",0.0
"((1.5, 0.2), 0.44)",0.0
"((1.5, 0.2), 0.48)",0.0
"((1.5, 0.2), 0.52)",0.0
"((1.5, 0.2), 0.56)",0.0
"((1.5, 0.2), 0.6)",0.0
"((1.5, 0.2), 0.64)",0.0
"((1.5, 0.2), 0.68)",0.0
"((1.5, 0.2), 0.72)",0.0
"((1.5, 0.2), 0.76)",0.0
"((1.5, 0.2), 0.8)",0.0
"((1.5, 0.2), 0.84)",0.0
"((1.5, 0.2), 0.88)",0.0
"((1.5, 0.2), 0.92)",0.0
"((1.5, 0.2), 0.96)",0.0
"((1.5, 0.2), 1.0)",0.0
"((1.5, 0.3), 0.0)",0.0
"((1.5, 0.3), 0.04)",0.0
"((1.5, 0.3), 0.08)",0.0
"((1.5, 0.3), 0.12)",0.0
"((1.5, 0.3), 0.16)",0.0
"((1.5, 0.3), 0.2)",0.0
"((1.5, 0.3), 0.24)",0.0
"((1.5, 0.3), 0.28)",0.0
"((1.5, 0.3), 0.32)",0.0
"((1.5, 0.3), 0.36)",0.0
"((1.5, 0.3), 0.4)",0.0
"((1.5, 0.3), 0.44)",0.0
"((1.5, 0.3), 0.48)",0.0
"((1.5, 0.3), 0.52)",0.0
"((1.5, 0.3), 0.56)",0.0
"((1.5, 0.3), 0.6)",0.0
"((1.5, 0.3), 0.64)",0.0
"((1.5, 0.3), 0.68)",0.0
"((1.5, 0.3), 0.72)",0.0
"((1.5, 0.3), 0.76)",0.0
"((1.5, 0.3), 0.8)",0.0
"((1.5, 0.3), 0.84)",0.0
"((1.5, 0.3), 0.88)",0.0
"((1.5, 0.3), 0.92)",0.0
"((1.5, 0.3), 0.96)",0.0
"((1.5, 0.3), 1.0)",0.0
"((1.5, 0.4), 0.0)",0.0
"((1.5, 0.4), 0.04)",0.0
"((1.5, 0.4), 0.08)",0.0
"((1.5, 0.4), 0.12)",0.0
"((1.5, 0.4), 0.16)",0.0
"((1.5, 0.4), 0.2)",0.0
"((1.5, 0.4), 0.24)",0.0
"((1.5, 0.4), 0.28)",0.0
"((1.5, 0.4), 0.32)",0.0
"((1.5, 0.4), 0.36)",0.0
"((1.5, 0.4), 0.4)",0.0
"((1.5, 0.4), 0.44)",0.0
"((1.5, 0.4), 0.48)",0.0
"((1.5, 0.4), 0.52)",0.0
"((1.5, 0.4), 0.56)",0.0
"((1.5, 0.4), 0.6)",0.0
"((1.5, 0.4), 0.64)",0.0
"((1.5, 0.4), 0.68)",0.0
"((1.5, 0.4), 0.72)",0.0
"((1.5, 0.4), 0.76)",0.0
"((1.5, 0.4), 0.8)",0.0
"((1.5, 0.4), 0.84)",0.0
"((1.5, 0.4), 0.88)",0.0
"((1.5, 0.4), 0.92)",0.0
"((1.5, 0.4), 0.96)",0.0
"((1.5, 0.4), 1.0)",0.0
"((1.5, 0.5), 0.0)",0.0
"((1.5, 0.5), 0.04)",0.0
"((1.5, 0.5), 0.08)",0.0
"((1.5, 0.5), 0.12)",0.0
"((1.5, 0.5), 0.16)",0.0
"((1.5, 0.5), 0.2)",0.0
"((1.5, 0.5), 0.24)",0.0
"((1.5, 0.5), 0.28)",0.0
"((1.5, 0.5), 0.32)",0.0
"((1.5, 0.5), 0.36)",0.0
"((1.5, 0.5), 0.4)",0.0
"((1.5, 0.5), 0.44)",0.0
"((1.5, 0.5), 0.48)",0.0
"((1.5, 0.5), 0.52)",0.0
"((1.5, 0.5), 0.56)",0.0
"((1.5, 0.5), 0.6)",0.0
"((1.5, 0.5), 0.64)",0.0
"((1.5, 0.5), 0.68)",0.0
"((1.5, 0.5), 0.72)",0.0
"((1.5, 0.5), 0.76)",0.0
"((1.5, 0.5), 0.8)",0.0
"((1.5, 0.5), 0.84)",0.0
"((1.5, 0.5), 0.88)",0.0
"((1.5, 0.5), 0.92)",0.0
"((1.5, 0.5), 0.96)",0.0
"((1.5, 0.5), 1.0)",0.0
"((1.5, 0.6), 0.0)",0.0
"((1.5, 0.6), 0.04)",0.0
"((1.5, 0.6), 0.08)",0.0
"((1.5, 0.6), 0.12)",0.0
"((1.5, 0.6), 0.16)",0.0
"((1.5, 0.6), 0.2)",0.0
"((1.5, 0.6), 0.24)",0.0
"((1.5, 0.6), 0.28)",0.0
"((1.5, 0.6), 0.32)",0.0
"((1.5, 0.6), 0.36)",0.0
"((1.5, 0.6), 0.4)",0.0
"((1.5, 0.6), 0.44)",0.0
"((1.5, 0.6), 0.48)",0.0
"((1.5, 0.6), 0.52)",0.0
"((1.5, 0.6), 0.56)",0.0
"((1.5, 0.6), 0.6)",0.0
"((1.5, 0.6), 0.64)",0.0
"((1.5, 0.6), 0.68)",0.0
"((1.5, 0.6), 0.72)",0.0
"((1.5, 0.6), 0.76)",0.0
"((1.5, 0.6), 0.8)",0.0
"((1.5, 0.6), 0.84)",0.0
"((1.5, 0.6), 0.88)",0.0
"((1.5, 0.6), 0.92)",0.0
"((1.5, 0.6), 0.96)",0.0
"((1.5, 0.6), 1.0)",0.0
"((1.5, 0.7), 0.0)",0.0
"((1.5, 0.7), 0.04)",0.0
"((1.5, 0.7), 0.08)",0.0
"((1.5, 0.7), 0.12)",0.0
"((1.5, 0.7), 0.16)",0.0
"((1.5, 0.7), 0.2)",0.0
"((1.5, 0.7), 0.24)",0.0
"((1.5, 0.7), 0.28)",0.0
"((1.5, 0.7), 0.32)",0.0
"((1.5, 0.7), 0.36)",0.0
"((1.5, 0.7), 0.4)",0.0
"((1.5, 0.7), 0.44)",0.0
"((1.5, 0.7), 0.48)",0.0
"((1.5, 0.7), 0.52)",0.0
"((1.5, 0.7), 0.56)",0.0
"((1.5, 0.7), 0.6)",0.0
"((1.5, 0.7), 0.64)",0.0
"((1.5, 0.7), 0.68)",0.0
"((1.5, 0.7), 0.72)",0.0
"((1.5, 0.7), 0.76)",0.0
"((1.5, 0.7), 0.8)",0.0
"((1.5, 0.7), 0.84)",0.0
"((1.5, 0.7), 0.88)",0.0
"((1.5, 0.7), 0.92)",0.0
"((1.5, 0.7), 0.96)",0.0
"((1.5, 0.7), 1.0)",0.0
"((1.5, 0.8), 0.0)",0.0
"((1.5, 0.8), 0.04)",0.0
"((1.5, 0.8), 0.08)",0.0
"((1.5, 0.8), 0.12)",0.0
"((1.5, 0.8), 0.16)",0.0
"((1.5, 0.8), 0.2)",0.0
"((1.5, 0.8), 0.24)",0.0
"((1.5, 0.8), 0.28)",0.0
"((1.5, 0.8), 0.32)",0.0
"((1.5, 0.8), 0.36)",0.0
"((1.5, 0.8), 0.4)",0.0
"((1.5, 0.8), 0.44)",0.0
"((1.5, 0.8), 0.48)",0.0
"((1.5, 0.8), 0.52)",0.0
"((1.5, 0.8), 0.56)",0.0
"((1.5, 0.8), 0.6)",0.0
"((1.5, 0.8), 0.64)",0.0
"((1.5, 0.8), 0.68)",0.0
"((1.5, 0.8), 0.72)",0.0
"((1.5, 0.8), 0.76)",0.0
"((1.5, 0.8), 0.8)",0.0
"((1.5, 0.8), 0.84)",0.0
"((1.5, 0.8), 0.88)",0.0
"((1.5, 0.8), 0.92)",0.0
"((1.5, 0.8), 0.96)",0.0
"((1.5, 0.8), 1.0)",0.0
"((1.5, 0.9), 0.0)",0.0
"((1.5, 0.9), 0.04)",0.0
"((1.5, 0.9), 0.08)",0.0
"((1.5, 0.9), 0.12)",0.0
"((1.5, 0.9), 0.16)",0.0
"((1.5, 0.9), 0.2)",0.0
"((1.5, 0.9), 0.24)",0.0
"((1.5, 0.9), 0.28)",0.0
"((1.5, 0.9), 0.32)",0.0
"((1.5, 0.9), 0.36)",0.0
"((1.5, 0.9), 0.4)",0.0
"((1.5, 0.9), 0.44)",0.0
"((1.5, 0.9), 0.48)",0.0
"((1.5, 0.9), 0.52)",0.0
"((1.5, 0.9), 0.56)",0.0
"((1.5, 0.9), 0.6)",0.0
"((1.5, 0.9), 0.64)",0.0
"((1.5, 0.9), 0.68)",0.0
"((1.5, 0.9), 0.72)",0.0
"((1.5, 0.9), 0.76)",0.0
"((1.5, 0.9), 0.8)",0.0
"((1.5, 0.9), 0.84)",0.0
"((1.5, 0.9), 0.88)",0.0
"((1.5, 0.9), 0.92)",0.0
"((1.5, 0.9), 0.96)",0.0
"((1.5, 0.9), 1.0)",0.0
"((1.5, 1.0), 0.0)",0.0
"((1.5, 1.0), 0.04)",0.0
"((1.5, 1.0), 0.08)",0.0
"((1.5, 1.0), 0.12)",0.0
"((1.5, 1.0), 0.16)",0.0
"((1.5, 1.0), 0.2)",0.0
"((1.5, 1.0), 0.24)",0.0
"((1.5, 1.0), 0.28)",0.0
"((1.5, 1.0), 0.32)",0.0
"((1.5, 1.0), 0.36)",0.0
"((1.5, 1.0), 0.4)",0.0
"((1.5, 1.0), 0.44)",0.0
"((1.5, 1.0), 0.48)",0.0
"((1.5, 1.0), 0.52)",0.0
"((1.5, 1.0), 0.56)",0.0
"((1.5, 1.0), 0.6)",0.0
"((1.5, 1.0), 0.64)",0.0
"((1.5, 1.0), 0.68)",0.0
"((1.5, 1.0), 0.72)",0.0
"((1.5, 1.0), 0.76)",0.0
"((1.5, 1.0), 0.8)",0.0
"((1.5, 1.0), 0.84)",0.0
"((1.5, 1.0), 0.88)",0.0
"((1.5, 1.0), 0.92)",0.0
"((1.5, 1.0), 0.96)",0.0
"((1.5, 1.0), 1.0)",0.0
